0.0
0.0
0.0
0.0
0.0
0.0
0.0
0.0
0.0
0.0
0.0
0.0
0.0
0.0
0.0
0.0
0.0
0.0
0.0
0.0
0.0
0.0
0.0
0.0
0.0
0.0
0.0
0.0
0.0
0.0
0.0
0.0
0.0
0.0
0.0
0.0
0.0
0.0
0.0
0.0
0.0
0.0
0.0
0.0
0.0
0.0
0.0
0.0
0.0
0.0
0.0
0.0
0.0
0.0
0.0
0.0
0.0
0.0
0.0
0.0
0.0
0.0
0.0
0.0
0.0
0.0
0.0
0.0
0.0
0.0
0.0
0.0
0.0
0.0
0.0
0.0
0.0
0.0
0.0
0.0
0.0
0.0
0.0
0.0
0.0
0.0
0.0
0.0
0.0
0.0
0.0
0.0
0.0
0.0
0.0
0.0
0.0
0.0
0.0
0.0
0.0
0.0
0.0
0.0
0.0
0.0
0.0
0.0
0.0
0.0
0.0
0.0
0.0
0.0
0.0
0.0
0.0
0.0
0.0
0.0
0.0
0.0
0.0
0.0
0.0
0.0
0.0
0.0
0.0
0.0
0.0
0.0
0.0
0.0
0.0
0.0
0.0
0.0
0.0
0.0
0.0
0.0
0.0
0.0
0.0
0.0
0.0
0.0
0.0
0.0
0.0
0.0
0.0
0.0
0.0
0.0
0.0
0.0
0.0
0.0
0.0
0.0
0.0
0.0
0.0
0.0
0.0
0.0
0.0
0.0
0.0
0.0
0.0
0.0
0.0
0.0
0.0
0.0
0.0
0.0
0.0
0.0
0.0
0.0
0.0
0.0
0.0
0.0
0.0
0.0
0.0
0.0
0.0
0.0
0.0
0.0
0.0
0.0
0.0
0.0
0.0
0.0
0.0
0.0
0.0
0.0
0.0
0.0
0.0
0.0
0.0
0.0
0.0
0.0
0.0
0.0
0.0
0.0
0.0
0.0
0.0
0.0
0.0
0.0
0.0
0.0
0.0
0.0
0.0
0.0
0.0
0.0
0.0
0.0
0.0
0.0
0.0
0.0
0.0
0.0
0.0
0.0
0.0
0.0
0.0
0.0
0.0
0.0
0.0
0.0
0.0
0.0
0.0
0.0
0.0
0.0
0.0
0.0
0.0
0.0
0.0
0.0
0.0
0.0
0.0
0.0
0.0
0.0
0.0
0.0
0.0
0.0
0.0
0.0
0.0
0.0
0.0
0.0
0.0
0.0
0.0
0.0
0.0
0.0
0.0
0.0
0.0
0.0
0.0
0.0
0.0
0.0
0.0
0.0
0.0
0.0
0.0
0.0
0.0
0.0
0.0
0.0
0.0
0.0
0.0
0.0
0.0
0.0
0.0
0.0
0.0
0.0
0.0
0.0
0.0
0.0
0.0
0.0
0.0
0.0
0.0
0.0
0.0
0.0
0.0
0.0
0.0
0.0
0.0
0.0
0.0
0.0
0.0
0.0
0.0
0.0
0.0
0.0
0.0
0.0
0.0
0.0
0.0
0.0
0.0
0.0
0.0
0.0
0.0
0.0
0.0
0.0
0.0
0.0
0.0
0.0
0.0
0.0
0.0
0.0
0.0
0.0
0.0
0.0
0.0
0.0
0.0
0.0
0.0
0.0
0.0
0.0
0.0
0.0
0.0
0.0
0.0
0.0
0.0
0.0
0.0
0.0
0.0
0.0
0.0
0.0
0.0
0.0
0.0
0.0
0.0
0.0
0.0
0.0
0.0
0.0
0.0
0.0
0.0
0.0
0.0
0.0
0.0
0.0
0.0
0.0
0.0
0.0
0.0
0.0
0.0
0.0
0.0
0.0
0.0
0.0
0.0
0.0
0.0
0.0
0.0
0.0
0.0
0.0
0.0
0.0
0.0
0.0
0.0
0.0
0.0
0.0
0.0
0.0
0.0
0.0
0.0
0.0
0.0
0.0
0.0
0.0
0.0
0.0
0.0
0.0
0.0
0.0
0.0
0.0
0.0
0.0
0.0
0.0
0.0
0.0
0.0
0.0
0.0
0.0
0.0
0.0
0.0
0.0
0.0
0.0
0.0
0.0
0.0
0.0
0.0
0.0
0.0
0.0
0.0
0.0
0.0
0.0
0.0
0.0
0.0
0.0
0.0
0.0
0.0
0.0
0.0
0.0
0.0
0.0
0.0
0.0
0.0
0.0
0.0
0.0
0.0
0.0
0.0
0.0
0.0
0.0
0.0
0.0
0.0
0.0
0.0
0.0
0.0
0.0
0.0
0.0
0.0
0.0
0.0
0.0
0.0
0.0
0.0
0.0
0.0
0.0
0.0
0.0
0.0
0.0
0.0
0.0
0.0
0.0
0.0
0.0
0.0
0.0
0.0
0.0
0.0
0.0
0.0
0.0
0.0
0.0
0.0
0.0
0.0
0.0
0.0
0.0
0.0
0.0
0.0
0.0
0.0
0.0
0.0
0.0
0.0
0.0
0.0
0.0
0.0
0.0
0.0
0.0
0.0
0.0
0.0
0.0
0.0
0.0
0.0
0.0
0.0
0.0
0.0
0.30715017327
0.306068132358
0.613152344257
0.615205352286
1.22224692728
0.614716619209
0.916304835616
0.919427088664
0.30631114554
0.612517531433
1.53145131475
1.22635425735
1.52895319982
1.53074747344
0.917646642124
0.918511121288
1.529675325
0.304347045288
0.305016902219
0.610000959284
0.610905784038
0.305864880501
0.304539208524
0.915971013234
0.302175127618
0.303817686571
0.608847595091
0.609562805492
0.301369430443
0.301761227701
0.301333297224
0.00420656292717
0.00371753888647
0.302300478861
0.302945564491
0.307123319021
0.304658056831
0.305523126806
0.304112938535
0.304676805221
5.37875765369e-05
0.304781158326
0.306092999079
0.304132324564
0.306743994242
0.305019614376
0.00135868840887
0.00029545564307
0.000368400610621
0.00113037701442
0.306752128118
0.000820056895136
0.611392932232
0.000689989492819
5.83410810944e-05
0.0016391502925
0.000711486508775
0.306645380951
0.00109064111723
0.303616938177
0.611745016706
0.00121629184801
0.303446686205
0.304047549546
0.302212682172
0.3082750018
0.305693729094
0.00134110399024
0.607588171443
0.000705417326741
0.303055567634
0.30693767274
0.305851965716
0.304826847394
0.610043615331
0.305397021636
0.000122616771876
0.304662928869
0.305201737782
0.305037273916
0.305119450356
0.305916889267
0.304987993638
0.00101233179675
0.00115839326591
0.000904523900552
4.55295799667e-07
0.00168932194698
0.00129288973002
0.000886257635459
0.305708746433
0.000349435525187
0.609993805056
0.607600767308
0.00193273978098
0.30624933031
0.000924479329366
0.00143126239931
0.306364437953
0.303740345681
0.30653039271
0.6078341644
0.00258494011044
0.00296314342781
0.306384916624
0.001493480848
0.303063303925
0.303577781702
0.302192559672
0.307699963365
0.610748026813
0.305503413337
0.304133062367
0.00102615026849
0.000592712646631
0.3053228759
4.30737388114e-05
0.000647686500959
0.000198581222582
0.000110498033205
0.000632826101318
0.000586663281911
0.00108813858383
0.000405612219262
0.304176964073
0.00163816404611
0.0019052210301
0.305488076923
0.000935163391422
0.609366574229
0.305016330921
0.00242188029217
0.302380792026
0.000332817448157
0.000920827516349
0.00156411212412
0.611359546563
0.303311241508
0.303073313061
0.00203086127995
0.301381098798
0.3077248488
0.305406687325
0.306754403861
0.911125293125
0.303697575776
0.00309641477255
0.306304411372
0.306238081869
0.000537034432605
0.30442404539
0.00054069779037
0.000802381289819
5.51795244962e-05
0.609308398654
0.305482113968
0.000149968515602
0.00077640795087
0.00114350655723
0.00119923021168
0.00151467948906
0.00122206047732
0.303577235593
0.00212995703817
0.00145004358848
0.00128859668001
0.30467292081
0.304247299021
9.63458321316e-05
0.302013276374
0.000967295375279
0.000503126162636
0.00120383030228
0.307384079588
0.00166829103596
0.306708369181
0.605213051423
0.00298030935506
0.00301641479842
0.00276375277822
0.608667976991
0.302504277874
0.605979638135
0.303219038952
0.00379740388865
0.30689150601
0.60952634442
0.303549338479
0.608152658339
0.304300072547
4.52762461517e-05
0.000148343599412
0.303553493455
0.000333030472946
0.000577692456907
0.000480958025175
0.305934063606
0.303175608519
0.00183611590196
0.305792008001
0.303861118915
0.303214183629
0.00150829013581
0.306172423295
0.000667682894707
0.304201747084
0.00144357455334
0.301566175744
0.000863181639625
0.305313776667
0.00143985598389
0.00195084722237
0.00150378257395
0.00193561233138
0.300966691857
0.301998028765
0.00316955170689
0.610391175389
0.305140830936
0.301843872961
0.606382110752
0.303073230132
0.00380177116795
0.609796528712
0.000825637580964
0.3043523073
0.304845216365
0.301765886403
0.303800828817
0.000169101093296
0.000431257525288
0.303577124391
0.304076247064
0.304957354556
0.302618358411
0.00201871121937
0.00193923382956
0.000607696168479
0.00163122497992
0.301189384859
0.00339161199193
0.301148576066
0.608608754327
0.304723247388
0.610757707421
0.298687037747
0.301234122613
0.607536199718
0.00109306083362
0.00151071444917
0.00264318416162
0.308548491226
0.601686860857
0.299053192698
0.308227748985
0.61204720454
0.304301053084
0.301395938439
0.601958007715
0.604788564723
0.306203806131
0.00131274946085
0.30144160042
0.304848844436
0.301331238372
0.00164598701235
0.30240344086
0.30349636994
0.000221633259341
6.42543034269e-05
0.00051825430403
0.304416119798
0.301959643045
0.302256697432
0.305468191223
4.59977773973e-05
0.302383574663
0.305587575343
0.00177259662492
0.00161395729321
0.000290660406406
0.303318779684
0.00223549282428
0.301108591871
0.000310585084658
0.30526725797
0.00122646391236
0.300926993657
0.305300202542
0.301385664015
0.0034095489554
0.30043882792
0.00322672995032
0.305924331557
0.607966049677
0.604927411606
0.301783225568
0.29955760493
0.00444556941566
0.609533379845
0.000508037699294
0.303535993525
0.000221651929893
0.30410544825
0.303265487751
0.303977873273
0.000420422870162
0.000297930277789
0.000356977136264
0.00168542395049
0.30449760025
0.301314036187
0.00173878556328
0.000179508879292
0.00228043953888
0.300576650087
0.00183448402172
0.304159539222
0.000301443347931
0.605575132385
0.300637878431
0.300985456924
0.303172906432
0.000600021459673
0.00170156370552
0.00126955704533
0.00196405037357
0.299856118959
0.299409753465
0.00381592226132
0.00348221637827
0.605272651192
0.00119690312504
0.00217719943167
0.604380391177
0.299025207751
0.00386716863624
0.608800279281
0.30257597825
5.91247363954e-06
0.00127135298895
0.605005295669
0.907919957926
1.2118385604
1.21086825181
1.21294860869
0.907434691026
1.21167165719
0.905996933931
0.605717056919
1.2136574679
0.910474966209
0.908397326895
1.21059409219
0.907992002792
0.605288334726
0.605984899357
0.606466981449
0.607151704986
0.909592261523
0.30269504322
0.302262112607
0.605317742444
0.302610101112
0.302602048717
0.302531963875
0.908857035806
0.000342437575534
0.606230999883
0.30307226233
0.000191419010862
0.606457092066
0.303302629117
0.303973099489
4.32617735767e-05
3.42437455849e-05
0.606580305807
0.303372017432
0.30334182206
2.81829401474e-05
0.303406237815
0.304050834372
0.302664732458
1.78665346402e-05
0.303344324912
1.00319413355e-05
8.11855820906e-06
1.22766635256e-05
9.2944647807e-06
1.02687344746e-05
6.55193280203e-06
0.303871382558
0.302886968405
0.303441532219
5.30225635275e-06
3.76750711463e-06
2.99699389744e-06
1.21841073349e-06
5.8696524125e-06
5.49781376972e-07
0.302674627305
0.304328332922
0.302580920509
0.0
0.0
0.0
0.0
0.0
0.0
0.0
0.0
0.0
0.0
0.0
0.0
0.0
0.0
0.0
0.0
0.0
0.0
0.0
0.0
0.0
0.0
0.0
0.0
0.0
0.0
0.0
0.0
0.0
0.0
0.0
0.0
0.0
0.0
0.0
0.0
0.0
0.0
0.0
0.0
0.0
0.0
0.0
0.0
0.0
0.0
0.0
0.0
0.0
0.0
0.0
0.0
0.0
0.0
0.0
0.0
0.0
0.0
0.0
0.0
0.0
0.0
0.0
0.0
0.0
0.0
0.0
0.0
0.0
0.0
0.0
0.0
0.0
0.0
0.0
0.0
0.0
0.0
0.0
0.0
0.0
0.0
0.0
0.0
0.0
0.0
0.0
0.0
0.0
0.0
0.0
0.0
0.0
0.0
0.0
0.0
0.0
0.0
0.0
0.0
0.0
0.0
0.0
0.0
0.0
0.0
0.0
0.0
0.0
0.0
0.0
0.0
0.0
0.0
0.0
0.0
0.0
0.0
0.0
0.0
0.0
0.0
0.0
0.0
0.0
0.0
0.0
0.0
0.0
0.0
0.0
0.0
0.0
0.0
0.0
0.0
0.0
0.0
0.0
0.0
0.0
0.0
0.0
0.0
0.0
0.0
0.0
0.0
0.0
0.0
0.0
0.0
0.0
0.0
0.0
0.0
0.0
0.0
0.0
0.0
0.0
0.0
0.0
0.0
0.0
0.0
0.0
0.0
0.0
0.0
0.0
0.0
0.0
0.0
0.0
0.0
0.0
0.0
0.0
0.0
0.0
0.0
0.0
0.0
0.0
0.0
0.0
0.0
0.0
0.0
0.0
0.0
0.0
0.0
0.0
0.0
0.0
0.0
0.0
0.0
0.0
0.0
0.0
0.0
0.0
0.0
0.0
0.0
0.0
0.0
0.0
0.0
0.0
0.0
0.0
0.0
0.0
0.0
0.0
0.0
0.0
0.0
0.0
0.0
0.0
0.0
0.0
0.0
0.0
0.0
0.0
0.0
0.0
0.0
0.0
0.0
0.0
0.0
0.0
0.0
0.0
0.0
0.0
0.0
0.0
0.0
0.0
0.0
0.0
0.0
0.0
0.0
0.0
0.0
0.0
0.0
0.0
0.0
0.0
0.0
0.0
0.0
0.0
0.0
0.0
0.0
0.0
0.0
0.0
0.0
0.0
0.0
0.0
0.0
0.0
0.0
0.0
0.0
0.0
0.0
0.0
0.0
0.0
0.0
0.0
0.0
0.0
0.0
0.0
0.0
0.0
0.0
0.0
0.0
0.0
0.0
0.0
0.0
0.0
0.0
0.0
0.0
0.0
0.0
0.0
0.0
0.0
0.0
0.0
0.0
0.0
0.0
0.0
0.0
0.0
0.0
0.0
0.0
0.0
0.0
0.0
0.0
0.0
0.0
0.0
0.0
0.0
0.0
0.0
0.0
0.0
0.0
0.0
0.0
0.0
0.0
0.0
0.0
0.0
0.0
0.0
0.0
0.0
0.0
0.0
0.0
0.0
0.0
0.0
0.0
0.0
0.0
0.0
0.0
0.0
0.0
0.0
0.0
0.0
0.0
0.0
0.0
0.0
0.0
0.0
0.0
0.0
0.0
0.0
0.0
0.0
0.0
0.0
0.0
0.0
0.0
0.0
0.0
0.0
0.0
0.0
0.0
0.0
0.0
0.0
0.0
0.0
0.0
0.0
0.0
0.0
0.0
0.0
0.0
0.0
0.0
0.0
0.0
0.0
0.0
0.0
0.0
0.0
0.0
0.0
0.0
0.0
0.0
0.0
0.0
0.0
0.0
0.0
0.0
0.0
0.0
0.0
0.0
0.0
0.0
0.0
0.0
0.0
0.0
0.0
0.0
0.0
0.0
0.0
0.0
0.0
0.0
0.0
0.0
0.0
0.0
0.0
0.0
0.0
0.0
0.0
0.0
0.0
0.0
0.0
0.0
0.0
0.0
0.0
0.0
0.0
0.0
0.0
0.0
0.0
0.0
0.0
0.0
0.0
0.0
0.0
0.0
0.0
0.0
0.0
0.0
0.0
0.0
0.0
0.0
0.0
0.0
0.0
0.0
0.0
0.0
0.0
0.0
0.0
0.0
0.0
0.0
0.0
0.0
0.0
0.0
0.0
0.0
0.0
0.0
0.0
0.0
0.0
0.0
0.0
0.0
0.0
0.0
0.0
0.0
0.0
0.0
0.0
0.0
0.0
0.0
0.0
0.0
0.0
