-0.0532225815765
-0.053546524146
0.0532175181326
0.0
-0.0532751347765
0.0534915140987
-0.0532036075356
0.10710970219
-0.159641180559
0.107098177536
0.0
-0.0533665637154
0.0533888334533
0.0
-0.0532447280408
0.0
-0.0533144680753
0.0533805661689
0.0533773781244
0.0
0.0
0.0
0.053214991633
-0.107095612852
0.0
0.0534570306357
-0.0532947909241
0.0535158069201
-0.053253593086
0.0
0.0
0.106756032056
-0.0533811992721
-0.0533837415891
0.0533761056135
-0.0533856509243
0.0533792870045
-0.0533811960211
0.0533818323903
-0.106761125836
0.106762398544
-0.0534947092624
0.0532687971763
-0.0533741969609
0.0533786506959
-0.0533824687747
0.0
0.0
0.0533818323903
0.0
-0.0533780144026
0.0
0.0533780144026
-0.0533875603962
0.106749669577
-0.0533831084254
0.0
-0.0533824687747
0.0533792870045
-0.0533818323903
0.0534729896733
-0.0532852780741
0.0533735607737
0.0
-0.106505926028
0.0
0.053375475882
0.053384378019
-0.106761125836
0.0534143138579
0.0533449480383
0.0
-0.0533824687747
0.0
0.0534276908823
-0.106670841048
0.0533735672747
-0.0535158134384
0.0532523329565
0.0535177257142
0.0
0.0
-0.106761125836
0.0533773846258
0.0534672433222
0.0534123992192
-0.0532675330812
-0.107082810841
0.159658256511
-0.106993256346
-0.0532643682409
0.160629978152
-0.106432509706
0.0533862873998
0.0
0.0
-0.0533792870045
0.0
0.0
0.0534774599115
0.0
0.0
0.0535049396105
-0.106753486973
0.0533805596671
0.0
-0.0533754693808
0.0
0.0
0.0
0.0
-0.0534353481342
0.106649246218
-0.053369107888
0.0533932896315
0.0
-0.106634008071
0.10675476275
0.0534774631684
0.0
-0.106794222862
0.0
0.0
0.0533971098048
-0.0533614760979
0.106768759289
-0.106608617589
-0.0534404498478
0.053434072858
-0.0533252613774
0.106792952646
0.0
-0.0533328763144
0.0
0.0
0.0
0.106508456076
-0.0534915173564
-0.0532675298372
0.0534915140987
-0.0534002937002
0.0
-0.0533932961349
0.0533722949457
0.0532618275574
-0.106985590752
0.106541403084
0.0534908783694
-0.0532675330812
0.0
0.0532719690322
-0.10674458014
0.0
0.0535151673526
0.0
0.0
-0.0532561264983
-0.053498550479
0.10685283845
-0.0532225783352
0.0
0.0
0.0
-0.053533727538
0.0533602108445
0.0532567598891
-0.0533710161766
0.0534947092624
0.0
-0.0533729246017
0.106763668032
-0.106991978128
0.0
-0.0534902426553
0.0532675363253
0.107007318762
-0.106518590449
-0.0534921596164
0.0532719722765
0.0533735607737
-0.106766216851
0.106759853158
0.0533837448402
-0.0533748364138
0.0
-0.0533786506959
0.0
0.0534398055712
-0.0533233498646
0.0
0.0533837415891
-0.0533767418613
0.0
0.0
0.0533316059244
-0.106772581302
0.10674458339
-0.0535017399664
-0.0533500390026
0.0534066691353
0.0
0.0
0.0
0.0534602216811
-0.106593394295
0.0535043035612
0.0532611940461
0.0535011039934
-0.160195159708
0.0533614825974
0.0532681634992
-0.106953649034
0.0532814803747
-0.0534257850462
0.0
0.053375475882
0.0
-0.0534015738691
0.0
0.0532263806018
-0.0533812025231
0.10710073908
0.0
0.0
0.0
-0.107086652101
0.0532187895752
0.0533831051743
-0.0533722884448
0.053552928007
-0.0532124588921
0.0
0.0
0.0533850144641
-0.0533805596671
0.0
0.0533786506959
-0.106764944052
0.0534461904401
-0.0533157376488
0.05337992983
0.0534449081367
-0.106627660129
0.0534800211829
0.0
0.106764940801
0.0
-0.160386419241
0.0
0.0535484516658
0.0532118265547
-0.107089213094
0.0532219522398
-0.0535503728013
0.159618418303
-0.107114826504
0.0
0.0535702260851
0.0
-0.0532764024775
0.0
0.0534474597848
-0.106634008071
0.0534742733212
0.0532795719939
-0.107118673323
0.106426188971
0.0
-0.160158862199
0.160376835652
-0.106416072172
0.0534659730352
0.0532941566284
-0.107105862537
0.0530020971018
0.0535939490166
0.0
0.0
-0.106879617652
0.106407221551
0.0
-0.0533735607737
-0.106499586839
0.160595403229
-0.0532346001739
0.0
0.0
0.0
0.0534812921392
-0.0532156208047
0.0533640197854
-0.0533945629618
0.0533754693808
0.0
-0.0532643617532
0.0
0.0
0.0
0.0531928634177
0.0
0.0
-0.053443632404
0.0
0.0
0.053369107888
-0.053362111997
0.0
0.0
0.053292253832
0.0534915173564
-0.0532339705522
0.0
-0.0532725995554
0.0534972656683
-0.0532630946252
0.0
0.0533246198613
-0.106762398544
0.106764944052
0.0
0.0
0.0
-0.106785312481
0.0534225981108
0.0
0.0535004615192
-0.0532637281817
0.0533837415891
-0.0533754693808
0.0533792870045
-0.0533754693808
0.0535670218943
0.0532074038539
0.0
-0.10642365635
0.0535478047957
-0.0532124588921
-0.0535510132105
0.0532112007135
0.0535426825645
-0.0532168856749
0.10710970219
-0.106412275629
0.0535452435576
0.0
0.0
0.0
-0.0535433227898
-0.0532276459834
0.107071288714
0.0
-0.0535535684773
0.0532105619249
0.0
-0.0532175181326
0.107087929322
-0.10642871523
0.0
0.0532213131943
0.0
0.0
0.0535542122245
-0.0532099328731
0.0
0.0532162564732
-0.107095612852
0.10643124485
-0.10708664884
0.0532143559946
0.0
-0.0532143559946
0.0
-0.106417330186
0.0535439565086
0.106432512946
-0.107089213094
0.106441367775
0.0
-0.10644010271
0.0535414086812
0.0
0.053495348341
0.0532067716366
-0.10708536839
0.0
0.107100735819
-0.106437569427
0.0
0.0532149883921
0.0
-0.0532181506053
0.0533780144026
0.0
-0.107104581627
0.0532112007135
0.0
0.0532194155958
0.0535388447947
-0.0532181538463
-0.107094335448
0.0
-0.0535548429409
0.106405950817
0.107091770949
-0.0532168889159
0.0535497291463
-0.0532099328731
-0.0535478047957
-0.0532219522398
0.0
0.0
0.0533856574268
-0.053374203462
0.160160781425
-0.106753486973
0.0533767418613
-0.0533780144026
0.0533920163618
0.0
-0.053499183133
0.0532675298372
0.0534972689263
-0.159785492403
0.0
0.0533780209041
0.0
-0.0534474662948
0.0534289723619
0.0
0.0534947092624
0.0
-0.0534551161913
0.0
0.0
0.0533811960211
0.0533799265791
-0.160132144125
0.0533818388924
0.0
0.0
-0.053271338524
0.0533697504696
-0.0533805661689
0.106776400337
-0.0533767418613
0.0
0.0
0.0535490855066
-0.0532118265547
0.0
0.10642112709
-0.0535618992481
0.0
0.0
-0.0533792870045
-0.0533786571976
0.106855388272
-0.107021388135
0.106422394946
-0.053554208963
0.106412275629
-0.0534991863911
-0.0532656289416
0.0534940701992
-0.0532637281817
0.0535439630304
0.0
-0.0535503662788
0.0532130912446
-0.10709177421
0.0
0.160149325276
0.0
-0.107110983222
0.0532105619249
0.0
-0.106432512946
0.0535554965035
0.0
-0.0535529345298
0.159819709747
-0.106625117917
-0.0533773846258
0.0535619025101
0.0531878088637
0.0535753568507
-0.159605143318
0.0
0.106789132427
0.0535471677242
-0.106795496359
0.0
0.0
0.0535490855066
0.0532055072472
-0.213519696564
0.0535708604443
0.160040573545
-0.0531808636589
-0.053419405049
0.0
-0.0533761121148
0.0533831116765
0.0
0.0
0.0
0.0
0.0
0.0533773781244
-0.0533869238904
0.0533735607737
0.0
-0.106748400423
0.160156962527
-0.106759849907
0.0
0.0533722884448
-0.053552287552
0.0532080328457
-0.0533831051743
0.106757304643
-0.0535049396105
-0.106527462851
0.0534927986339
0.0532624610837
0.0
0.0
-0.0534480977349
0.0
0.0534927921184
-0.0532681634992
0.0
0.0
0.0534979048079
-0.0532630946252
0.0535062150131
0.0
0.0
-0.0533297004529
0.0
0.0533570252283
-0.0535830466828
0.0531568706684
-0.05359330758
0.0532168856749
0.0
0.10654013564
-0.16045346476
0.0
0.0535535684773
0.0
-0.107009879221
0.106513526265
0.0
-0.106461612918
0.107123798496
0.0
-0.0534985439628
0.0
0.0
0.0532649953399
-0.107008600606
0.106510992732
-0.0535311611265
0.0
0.0
0.0532643617532
-0.106752217728
0.0
0.0
0.0532656354294
0.0534889582425
-0.0532694308684
0.107277778793
-0.106437569427
0.0534583070082
0.0
0.0
-0.0532175181326
0.053552928007
-0.0533436770732
0.0
0.0
0.107099455031
-0.159924353605
0.0534563989835
0.0532105619249
-0.0535510066879
0.0
-0.0535516536349
0.0533106597177
-0.0534532083948
0.106414807708
0.0
-0.106759853158
0.0
0.159922449766
0.0
-0.0532168889159
0.0
-0.0532111942323
0.106935766746
0.0
-0.160674166381
0.160122600634
-0.160162690943
0.0533043136639
0.0
0.0532333344615
-0.0535471644632
0.0532168856749
-0.0535554899803
0.106419862506
-0.0535452468185
0.0
0.0
-0.106608620835
0.0534570371469
0.053208665093
0.0
0.0
-0.0534359792865
0.0
0.0535510066879
0.0
-0.107035457947
0.106831169876
-0.0533792870045
-0.0531840250564
0.160124509242
-0.0534053919751
-0.0535510066879
-0.0532105684061
0.160143597816
-0.1067662136
0.0533792870045
-0.0535126092357
-0.106742032353
0.212905499716
-0.10673058669
0.0
0.0
0.0
0.053419405049
0.0
-0.0533805596671
0.0533805596671
0.0534966298019
-0.0532694341126
-0.0533761056135
0.0
0.0
0.0
0.0
0.10675857726
-0.107002204729
-0.0532675363253
0.106957481033
-0.1065452056
0.16050331198
-0.106545202355
0.10708664884
-0.159656359002
0.10708409123
-0.0532181506053
-0.053549092029
0.0533538529888
0.0
0.0
0.0533729246017
-0.0533837415891
0.053554849464
0.0
-0.106963868309
0.053213097726
-0.0534698036163
0.0532909918675
0.0
-0.0532903576623
0.0533767483627
0.0533831051743
-0.106907686453
0.0534066691353
0.0532821078787
0.0
-0.0533741969609
0.0533907431529
-0.107089213094
0.053213097726
0.0534366169626
-0.0533811960211
-0.0534832149734
0.10651732679
0.0
-0.159627892066
0.16064533543
0.0532074038539
-0.10708536839
0.106445159912
-0.107098174274
-0.053175183157
0.107108424449
0.0
-0.0535657403253
0.0
-0.0535657468497
0.0532099361137
0.053552928007
-0.106359201001
0.0535522940747
0.0532092973553
0.0
0.0
0.0535484484046
-0.106422391705
0.0535241226884
-0.0532364988555
0.0
0.0532314360057
-0.05358432908
0.0
0.053552928007
0.0
-0.0535484451435
0.0532149883921
0.0
-0.053369107888
-0.0536517477852
0.0531146320979
0.0535849703017
-0.0531966549638
0.0533862873998
0.0534028443422
-0.107104578365
0.10643124485
-0.0535170893601
-0.0532383976725
0.0533837415891
0.0
-0.0533780144026
0.0535170861009
0.0532472638525
-0.106750942012
0.0533837415891
0.0
0.0
0.0
0.0
-0.0533157311548
0.0
-0.05338820342
0.0533792935062
0.0
0.0
0.0533729246017
-0.0535017399664
-0.0532662690463
0.106989425041
-0.0532649953399
0.0534934311511
-0.0532719657879
0.0534915140987
0.0
0.0535062182717
-0.0532567631324
0.0535043003028
-0.106531261127
0.0
0.0533850144641
-0.106505926028
0.106750945263
0.0
-0.0533818323903
0.0
0.0
-0.0534391743281
0.0532149948738
0.0
0.0
-0.0535529345298
0.0532105684061
0.0533792870045
-0.106758580511
0.160645345214
-0.106436304452
-0.0533710226773
0.16015314381
-0.160139779737
0.0533824752768
0.0534493736808
-0.0533138268175
0.0
0.0
0.0
-0.053338600315
0.106801867554
-0.0532700645757
0.0
0.106522391336
0.0
-0.0532010823574
-0.053530521192
0.0532675298372
-0.0534959874348
0.0
0.0
0.0533875603962
-0.0534187677836
0.0
0.0
0.0532156208047
0.0
-0.106445163153
0.10674458339
-0.0533710161766
0.0
0.0
0.0535606146624
-0.053208665093
0.0
0.0532175181326
-0.0533767418613
0.0533780144026
0.0
0.0
0.0
0.0533602075948
-0.053380562918
-0.0533901065712
-0.0535170926194
0.106559150477
0.0
-0.0532168856749
0.0
0.0
0.0533297004529
-0.0533773781244
0.0
0.0532529597706
-0.106773854283
0.0533831116765
0.0
-0.0532143624762
0.160126417894
-0.106889819528
0.0533818323903
-0.0533144615815
-0.053450656198
0.0533119291098
-0.0534934376668
0.159814005839
-0.106742035604
0.106768759289
-0.106762395293
0.0533799233282
0.0
-0.106758580511
0.106891098562
-0.0533182704828
-0.106898747362
0.159937672005
0.053546527407
-0.053286549503
-0.0533062108286
0.0
-0.0534659730352
0.0532086715739
0.0534844860819
0.0
-0.0535484451435
0.05330240365
0.0
-0.0533062108286
-0.0534500181869
0.106762398544
-0.106427453706
0.0
0.160618454785
-0.0533227181364
-0.10689365021
0.0532808463959
0.0
0.0
0.0533379584795
-0.0532118265547
-0.0535830532093
0.106404693073
-0.0533824687747
0.0533850144641
0.0
0.0
-0.0532840099506
0.0
0.0533811960211
0.0
-0.053478098578
0.0
0.0
0.0532213131943
-0.106740766631
0.16015314381
-0.0535561337735
0.0
0.0
0.0
0.0
0.0
0.267294739109
11.5160611386
-9.02034691511
-8.01740671617
1.97534002728
7.30364676222
1.76145374466
-5.65773274763
-3.52938596612
-0.213166712064
3.42763363479
2.18147753665
-1.33874315365
-2.2388875722
0.747925192431
1.75559400511
-0.214298876488
-1.54284970902
0.160718388717
1.22355218081
-0.160708749124
-1.01113288989
0.107100745603
0.799574158092
0.0
-0.585017288474
-0.0535676692265
0.478832496982
0.0
-0.425628882966
0.107119961094
0.319297529117
-0.0533824720258
-0.320841782424
0.213830681769
0.159650666748
-0.214175861904
-0.106436301211
0.107109698928
0.0532004470504
0.0
-0.159981480108
0.10700220147
0.106437569427
-0.0535388447947
-0.106541403084
0.0534934376668
0.0
-0.0534800211829
0.0
0.106998372782
-0.0532979626289
0.0533875603962
0.05344810099
-0.0533195434848
-0.106758580511
0.0533792935062
0.0
0.0
0.0532017111994
-0.106991981386
0.0532675363253
0.0
0.0
0.0
0.0
0.0534959874348
0.0
0.0
-0.053270698298
0.0
-0.053386930393
0.106739494439
0.0
-0.0535580521987
0.053395836353
-0.0533659277102
0.106786582515
-0.0533646589951
0.0
0.0
-0.0531436224571
-0.0535465306681
0.053211833036
0.0
0.0532048718348
-0.053552928007
-0.0533977530575
0.0533608467134
0.0
0.106728042821
-0.053204875075
0.0535580554605
0.0
-0.0535599772853
-0.106411014494
0.106759853158
0.0
-0.0535586927917
0.0
0.053552287552
-0.159618408582
0.160132134373
-0.0533614760979
0.0
0.0
0.0
-0.0533831116765
0.0533824752768
0.0534455460259
-0.106983034713
0.106414807708
-0.107108424449
0.106419865746
-0.0535484451435
0.106413540033
-0.0533799265791
-0.106763671283
0.106759853158
-0.0533792870045
0.0533901065712
-0.106740766631
0.0
0.106414807708
-0.0535567710589
0.0532137236121
0.0
-0.0532061361941
0.0
-0.0533335180282
0.0
0.0533786571976
0.0533780144026
-0.053384378019
0.0534493736808
0.0
-0.0533716523031
0.0
0.0
0.0
0.0
0.0533831051743
-0.160130225584
0.0533786441943
0.0535580587222
0.0
0.106988143656
-0.106535062918
-0.053549092029
0.106419865746
-0.107117392107
0.106407221551
-0.0533799233282
0.0
0.0535567710589
-0.0532764024775
0.0
0.0532067683963
0.0535503695401
0.0
-0.0535548527255
-0.0532118265547
0.0535484451435
-0.0532168856749
0.0
0.0
0.0
0.0
0.0
0.106433774591
-0.10708280758
-0.0532143624762
0.0
0.159639283456
-0.107117388845
0.106417333426
-0.0535503695401
-0.0532080328457
0.053552287552
0.0
-0.053552287552
0.0532029754085
-0.0535580521987
0.106424921025
-0.0535516503736
-0.0532111942323
0.053549725885
-0.0532036075356
0.0535516471122
-0.0532206806465
0.0535401218163
0.0532162564732
-0.10710970219
0.0532092973553
-0.107110986484
0.053211833036
0.0
0.0
0.0
0.0
0.053554849464
-0.0532738671358
0.0
0.0
0.0535631773712
-0.0533951996498
0.106742035604
-0.106784035975
0.0
0.0
0.053552287552
-0.053303038142
0.0
0.0
0.0
0.0532105619249
-0.107017551555
0.0532447345261
-0.0533767483627
0.0533856574268
-0.0533786571976
0.160899326907
-0.106268330219
0.0533729246017
-0.0535644588176
0.0532055040069
0.0
0.0
0.0533792902553
-0.0533856541756
0.0
0.0
-0.10674458339
0.0533748396644
0.0535650995638
-0.0532010791174
0.0533850144641
-0.0534717125996
0.0
0.0
0.0533786506959
0.0
-0.10689237437
0.0533163724582
-0.0533786571976
0.10674458339
0.0
-0.0533735607737
0.0
0.0532061361941
-0.107087932583
0.0532112007135
0.0
0.0
0.0
0.0
0.0
0.0
0.0534506496876
0.0
-0.107109705451
0.0
0.0534927986339
0.0
0.0535554899803
-0.106418601192
0.106985590752
-0.106849013946
0.106446428339
0.0
0.0
0.0
-0.0533754693808
-0.0533773846258
0.0
0.160042480197
-0.0532675330812
0.0
-0.106752217728
0.10676876254
-0.0534761826243
0.0
0.053552287552
0.0
-0.16016650036
0.160143588063
0.0
-0.0533780144026
0.0
-0.0532143624762
0.0
0.106750945263
-0.0533837415891
0.0533831051743
0.0533811992721
-0.160143597816
0.106999651153
-0.106527462851
0.0534934376668
0.053395836353
0.0
-0.0532599270687
0.0
0.0
0.0
0.0
0.0
0.0532821078787
0.0535023824713
-0.106531261127
0.0
0.0532643617532
-0.0535030184748
0.0532656289416
0.0
-0.0532542264165
0.0
0.0
0.0534934311511
-0.0534168560788
0.0
0.0532618275574
-0.107052090677
0.0
0.106988146914
0.0
-0.0535036577519
0.0
0.0533780144026
-0.0533761056135
-0.0535081396368
0.0532516996711
0.0535036577519
-0.159779781206
0.160505219899
0.0
-0.106998372782
0.0532637346693
-0.0534927986339
0.0
0.0534902426553
0.0
0.106999647895
-0.0532649985838
0.0
-0.0532675298372
-0.0534998288348
0.106490728806
-0.16053015409
0.106531257883
0.0534940701992
-0.106678464841
0.0534238728393
0.0532618275574
0.0
0.0
-0.0535241226884
0.0
0.106972808519
-0.0532764057221
-0.0535260420788
0.106475532679
-0.0534908783694
0.0
-0.0534979048079
0.106535062918
-0.106999647895
0.0532605605499
-0.160486045023
0.10672040869
0.0
-0.053326531465
0.0533812025231
0.0533831051743
0.053494073457
-0.106889819528
-0.0533271665315
0.0
0.106980478795
0.0
0.0
-0.0532681634992
-0.0533735672747
0.106773854283
-0.0534512877139
0.106609886664
-0.0533824720258
-0.106752217728
0.107002207987
-0.053395836353
0.0533703800652
-0.0533913797497
0.0
0.0532802059425
0.0
-0.106457816367
0.160413232026
-0.159907220688
0.160378760092
-0.0533144648284
0.0
0.0532738703802
-0.0534908783694
0.0
-0.0533818323903
0.0
0.0534979048079
0.0
-0.106991981386
0.0532637346693
0.106857934962
-0.1066581339
0.0535004615192
-0.053330335595
0.0
0.0
-0.0534927986339
0.0
0.0
0.0
0.0533856574268
0.0533754693808
0.0
-0.0533811960211
0.10670769623
-0.106818424508
0.0
-0.0533703865658
0.106991981386
-0.106551543728
0.106679735579
-0.0533322411118
-0.053542048876
0.05327894455
0.0
0.0532061361941
-0.106764944052
0.10677767341
-0.106766216851
0.0533805661689
0.0534264159715
-0.0533335115321
-0.0533805661689
0.160128326592
-0.0535055789334
0.0
-0.106864313608
0.10661242815
-0.0535126092357
0.0
-0.0534921596164
0.0532624675712
0.0
0.0532700645757
-0.106988146914
0.0
0.106742038854
-0.0533831051743
0.0
0.0533189053526
0.0
-0.10652239458
0.0533710226773
0.0533837415891
-0.0533811960211
0.106759849907
-0.0533786539468
-0.10676748968
0.0533767483627
-0.0533818388924
0.214017201211
-0.106524928655
0.0533792902553
-0.106752214478
0.0533818323903
-0.0534895971837
0.0532789380605
0.0
-0.0533799233282
0.106768759289
-0.0533792902553
-0.0533773781244
0.053499183133
-0.106498326875
0.10713789525
0.0
0.0
-0.0532181506053
0.0533671997358
-0.0533869238904
0.0534915140987
0.0
-0.0534685201824
0.0
-0.0535458903661
0.053211833036
0.0
0.0532200481136
-0.10710073908
0.0532124653735
-0.0535222099547
0.159713303882
-0.160626136846
0.0
0.107110986484
-0.0532124588921
0.0
-0.106576897293
0.160193239661
0.0
-0.0535567710589
0.0532067683963
-0.0535503662788
-0.0531935017836
0.160718378929
-0.0532061394344
0.0
0.0
-0.0534487357003
0.0
0.0534245037192
0.0
-0.0535471644632
0.0
0.0
0.106393313167
-0.0534685234386
-0.0532827418876
0.0
0.0
0.0
0.0533799233282
-0.0533799233282
0.0
0.0533297004529
-0.0533328763144
0.0533818323903
-0.0533773781244
-0.0534812986533
0.0
0.0
0.0533780209041
0.106759849907
-0.10696131005
0.0
0.0533780144026
-0.0533837415891
0.0
0.0534838472628
-0.106561686302
0.160155053146
-0.0533811992721
-0.106758580511
0.0534806599105
0.0
-0.0533697504696
0.0
0.10652239458
0.0
-0.0532973282578
0.0533939262891
-0.0533106532243
0.0534959874348
-0.106747128048
0.0532694373568
0.106752214478
-0.106763668032
0.0
0.053483208459
0.0
0.0
-0.106623851726
0.0535023857297
0.0
0.0534117588682
0.0
-0.0532935223478
0.0
0.0
0.0
0.0
0.0
0.106562951015
-0.106759849907
0.053487680406
-0.159848225663
0.160566610307
-0.0532257414505
0.0
0.0
0.0
0.0
0.106647972958
-0.0532624643275
0.0
0.0
0.0
-0.0531278593846
0.0
-0.0532074070943
0.0535612618404
0.106407218311
-0.107098174274
-0.0532023497766
0.107128924159
0.0532523297134
-0.0535017432248
0.0
0.0
-0.0532149883921
0.0
0.0
0.107102016637
0.0
-0.0534793792137
0.0
0.0
-0.106419865746
0.0535471709853
0.106413540033
-0.053568306787
-0.0532048718348
0.0
-0.0532074070943
0.0535561370352
0.0
0.107103297486
-0.159635489386
0.107095616114
0.0
0.0
0.0
0.0
0.0
0.0
0.0
-0.10694981731
0.0532137300936
0.107100735819
-0.0532472638525
-0.106863038468
0.106489462567
0.0
-0.0531890724121
0.0535554899803
0.0
-0.0534595834416
0.0532130912446
-0.0535510066879
0.0
0.0534883193166
-0.0532118265547
0.0535478047957
-0.0532080328457
0.053549725885
-0.0533112879128
-0.0534474662948
0.0
0.107095616114
-0.0532200481136
0.053552287552
-0.053208665093
0.0535478047957
0.0
0.0
-0.106747128048
0.10635162277
-0.10703417872
0.106914067783
0.0
-0.0535337210175
0.106474266801
-0.107089209834
-0.0532124653735
0.160662636673
0.0
-0.106826069412
-0.0532865527483
0.0534378988692
0.0533729246017
0.0
-0.0534022042197
-0.053504942869
0.0
0.107007322021
-0.053270698298
-0.0533748396644
0.0534417254284
-0.106640350275
0.053441074612
0.16036535834
-0.106500856562
0.053369107888
0.0
-0.106947262979
0.0532833824016
0.0533856509243
0.0533754726314
0.0
0.0
-0.106907683198
0.0
0.0
0.0
0.0
0.0532105619249
0.0535452468185
-0.0533011379574
-0.0534634131075
0.0
0.0535503662788
0.0
0.0
0.0
-0.0535535684773
0.0
0.0
0.0533716523031
-0.107113548641
0.106614966511
-0.0534512877139
0.0532200481136
0.0
-0.0532099296326
0.0
0.0532124588921
-0.0535471644632
0.0532130912446
-0.16012831684
0.107100732558
0.0
0.0532042396777
-0.0533862873998
0.0533831051743
0.0535439662913
-0.159662051663
0.0
0.10644010271
-0.10709177421
0.0533074865019
0.0534557543242
-0.0532137236121
0.0
0.0532111942323
-0.0534666049149
0.0
-0.10709945177
0.0532023368163
0.106772581302
0.0
-0.0534251411214
0.0
0.0
-0.0532656354294
0.106980478795
-0.0532700645757
0.0
0.0
0.0
0.0533780144026
0.0
-0.106523661602
0.107014993988
-0.0532592936027
0.0
0.106592122367
0.0
-0.106768759289
0.0533792870045
-0.106961313307
0.0532859186487
0.106756032056
-0.0535011039934
-0.0532618275574
0.0536144830966
-0.0531524538641
0.0533716523031
0.0533843812701
0.0
-0.106630195968
0.0534181305335
0.0532276427418
-0.0535689476252
-0.0531998149984
0.053552928007
0.0
-0.0535490855066
0.0
0.107121232587
-0.0532093005958
0.0
0.0
-0.107123798496
0.106397108359
0.0
0.0532219489985
0.0
-0.0532903544169
-0.0534819308972
0.0
0.0533748331633
-0.0533792870045
0.0535644588176
0.0531998182383
-0.10699069994
0.0532700645757
0.0
-0.106739494439
0.106778946512
0.0
-0.107063608673
0.0532200545959
0.0535759945948
0.0532023465365
-0.053493434409
0.0532700678199
-0.160468801324
0.0532593000898
0.053504936352
0.0
0.0
-0.106436307693
0.0535017464831
0.0
0.0
0.0532783041421
-0.0534895971837
0.106826069412
-0.0533837448402
0.0
-0.0534442702627
0.0532611940461
-0.0535420423545
0.0532333344615
-0.0533773781244
0.0
0.0534934311511
0.0
-0.053310018551
-0.0533303420907
0.10693960072
-0.106462878495
0.107121235849
0.0
-0.0533780144026
0.0533951996498
-0.053495348341
0.0532618275574
-0.106998372782
0.159806401261
-0.0534953515989
-0.0532656289416
0.0
0.0
0.0
0.0
0.053538201416
0.0
-0.10675476275
0.0533716588039
0.0535113302689
-0.106528729994
0.0534876869209
0.0
0.0
-0.0533824752768
0.0533761121148
0.0533805596671
-0.0535599740235
-0.0532694373568
0.106991981386
0.0
0.0535522908133
-0.106537597597
0.106733130681
-0.159977679498
0.0
0.0532023497766
0.0533754693808
-0.0533811960211
0.0
-0.053137322578
0.16013405296
-0.106767486429
0.0
0.0
0.0
0.0
0.0
0.0532168856749
-0.106910238894
-0.053307473516
0.106750938762
0.0
0.0535458838441
0.0532181538463
-0.10708664884
-0.0532175246146
0.107089213094
0.0
0.0
-0.106578172104
0.107096896809
-0.0532175181326
0.10708408797
-0.10644262963
0.053538201416
-0.106441367775
0.107087932583
-0.0532181506053
0.0
0.0
0.0534691586353
0.0532130944853
-0.160633819642
0.0532086715739
0.0535516471122
0.0
0.053546527407
-0.0532130944853
0.0
0.0
-0.0533703800652
0.106757304643
-0.107107140216
-0.0532181570874
0.0535471709853
-0.0532137300936
0.107093054814
-0.0532162532323
0.0535484451435
-0.159646862414
0.16012831684
-0.106757307894
0.0533792935062
0.0533831051743
0.0533818356414
-0.106764940801
0.0535516471122
-0.0532010791174
-0.0535619025101
0.106414807708
-0.053554849464
0.0533087492498
0.0532814771298
-0.16013596184
0.0535567775822
0.0
0.0
0.0
0.106756032056
-0.160124509242
0.106759853158
-0.0533850144641
0.107094332187
-0.106446425098
0.106735674793
0.0533831084254
-0.21420147816
0.106542670559
0.0
-0.0532111942323
0.0533780144026
-0.0534391678191
0.0534934311511
-0.212827080066
0.160153140559
0.0
0.0
0.0
0.106891095307
-0.106556611529
0.0533856509243
0.053376745112
-0.0534985472209
0.0
-0.053513248742
0.0
0.0
0.0
0.0534334287344
0.0532966971475
-0.106935766746
0.0
0.0535484451435
-0.106441367775
0.160647266303
0.0
-0.106753486973
0.0
0.0534627747917
-0.0532111942323
-0.0535522940747
0.0
0.0534615047177
0.0
0.0535510066879
-0.0532099296326
0.0
0.0
0.0534595834416
-0.0532061361941
0.0533792870045
-0.0533716523031
0.0
0.0533767418613
-0.0533627479113
-0.0532650018276
0.106985590752
-0.0533576610213
0.0532865462578
-0.0533792870045
0.0534966265439
0.0
-0.0535510066879
0.0532124588921
0.0
-0.0532675298372
-0.0535266884259
0.0533030446344
-0.0534755505171
0.0
0.0
0.0533964795751
-0.053362754411
0.106798046697
-0.106743311107
0.0533894765076
0.053362111997
0.0
0.0535471677242
-0.160218086764
0.053362754411
0.0532061361941
-0.107107143478
0.106393316407
-0.0533932896315
0.0
0.0
0.0532168856749
0.0
-0.0532200481136
0.0
-0.0534442767723
0.160304121703
-0.0532637314255
-0.0534985439628
0.0532567598891
-0.053502379213
-0.0533271665315
0.0533233563595
0.0533646557452
0.0
-0.0532618275574
-0.0534423632416
0.106632738422
-0.0534998223184
0.0532681634992
-0.0534940701992
0.0
0.0
0.0533112879128
0.0
-0.0532643617532
0.106991978128
-0.106532528361
-0.0534921596164
0.106533798868
-0.0534959874348
-0.0532225848178
0.107089213094
0.0
0.0
-0.0532263741187
0.0
0.0532745009486
-0.0534398055712
0.106641623353
-0.160486054797
0.0532656354294
0.0534972656683
0.0
-0.053495348341
0.106523658358
-0.053497908066
-0.0533595684914
0.0534028410899
-0.0532656289416
0.0
0.0
0.0
0.0
-0.0535554965035
0.106422394946
-0.053473628233
0.0
0.0535779177074
-0.0532067683963
0.0533411353246
-0.0535074937354
0.106734402722
-0.053330974
0.053330974
0.0
-0.106998369524
-0.0532840164407
0.160484137561
0.0532637314255
-0.107000929555
-0.0534321535497
0.053362111997
-0.0531846502551
0.0
0.0
0.0533093838928
-0.0534009305249
0.0535017399664
0.0
-0.107022667056
0.0
0.053505582192
0.0
0.0533773781244
0.0534500149318
-0.106634004824
-0.05337992983
0.160491806779
-0.0532681667433
-0.107035457947
-0.053239657141
0.160497549399
0.0
0.0
0.0
-0.0533373231559
-0.106989418525
0.159627892066
0.0
0.0
0.0
-0.053499183133
0.0532440949362
0.0
-0.0534302408867
0.0
-0.0532656354294
0.0534347104885
0.0
0.0
0.0
0.0
0.0532649953399
0.0
0.0
-0.0534487357003
0.106621309695
-0.106756032056
0.0
0.106922999668
-0.106742035604
0.106957477776
-0.106436304452
-0.053542048876
0.106552811444
-0.106919173395
0.106478067768
0.053376745112
-0.053380562918
-0.0535561305119
0.0533119226163
0.0
0.0
-0.107087932583
0.106775127295
0.106753490224
-0.159635486145
0.0
0.0
0.0535676627018
-0.0533608402139
0.0
0.0532111942323
0.0535439662913
-0.159669642509
0.0534646962969
0.0532935223478
-0.0535458838441
0.0
0.107020105985
-0.106613694069
0.0534512877139
-0.0532124588921
0.0
0.0532004470504
-0.0535676627018
0.0532029754085
0.0
-0.0533811960211
0.0
0.0
0.106435039506
-0.0533729278521
0.0
-0.0532200481136
0.107020105985
-0.159758889041
0.05337992983
-0.053375475882
0.0
0.0533684783225
0.0535734306594
-0.106416072172
0.0
0.0533773846258
0.0
0.053218783093
0.0
0.0
-0.0535663811021
0.0532067683963
0.0
-0.0532118265547
0.0
0.0532478937895
-0.0535138882636
0.053208665093
0.0
-0.053208665093
0.0535612553166
-0.0532017111994
0.0533792870045
0.0
-0.0535516471122
0.0533176356282
0.0534417221738
0.0
-0.107105859275
0.0
0.0
0.106739491188
-0.106993256346
0.0531751766801
-0.0535478047957
0.0533176356282
0.0
0.0
0.0
-0.053208665093
0.0535631773712
-0.053369743969
0.0
0.0
0.0535490855066
0.0
0.10708409123
-0.10646540974
-0.0534921531009
0.0
-0.0535017464831
0.0532548662486
-0.0535023857297
0.0532643682409
-0.0535011072517
0.106660677686
-0.106849013946
0.0
0.0534959939507
0.0532700645757
-0.053527321749
-0.0532947974155
0.0534615047177
0.0
-0.10699197487
0.266832825077
-0.106786585766
0.0
-0.106989425041
0.106529997168
-0.106999651153
0.159785492403
-0.160486054797
0.10652239458
-0.0535036577519
0.0532637281817
0.0
-0.0532352330527
0.0535011007352
-0.0532624610837
0.0
0.0532624610837
0.0
-0.0532681634992
-0.0534921596164
0.0532681699874
-0.0534953548568
0.106537600841
-0.0533710161766
0.10675857726
-0.107006040208
0.0533729246017
0.0
-0.0532643617532
0.0534947092624
0.0
0.0
-0.159806391529
0.213986509434
-0.0532510631578
0.0
-0.0532668961902
0.0535254022667
-0.0532346001739
0.0534889582425
-0.106512259483
0.106898753872
-0.0533277951176
0.160489886148
-0.213070132325
0.0534953548568
0.0532656289416
0.0
-0.0533754693808
0.053499183133
0.0
0.053497908066
-0.159789293607
0.0
0.106529997168
0.0
-0.106533798868
0.106902581938
-0.0533106532243
0.0533754693808
-0.106759853158
0.107053370332
-0.106490728806
0.0534921596164
0.0532643617532
-0.0533754693808
0.0533856509243
-0.0534468218499
0.0
0.0
0.0532611940461
0.0
0.0
-0.106736950145
0.0533659342102
0.0
0.0
0.0
0.0
0.0533881969172
-0.0533888334533
0.053499183133
-0.0532662625584
0.0
0.106532528361
-0.106988143656
0.0
0.0534915140987
0.0
-0.053310018551
0.0
0.0533792870045
-0.0533831051743
0.0535292413689
-0.106473004195
0.0
0.0533805661689
0.053495348341
0.0
-0.0533792870045
0.0
0.0
0.0
0.0
0.0532700645757
-0.0534940701992
0.106532528361
0.0
-0.0533831084254
-0.053384378019
0.0
0.107048248636
-0.159728496044
0.106940877687
0.0
-0.0533786506959
0.0
0.0
0.0
0.0
-0.0532618340448
0.0534124024721
-0.0533525815995
0.0534998288348
0.0532567598891
-0.107000929555
0.0532631011127
0.0
0.0532694308684
-0.106983034713
0.106529997168
-0.0533805596671
0.0533811960211
-0.0534985439628
0.106518590449
-0.10675857726
0.0
0.0
0.0534213169363
0.0
0.0
-0.0534959874348
-0.0532656354294
0.107094335448
-0.10644010271
0.0534927986339
0.159793091747
-0.16049372094
0.0
0.0
0.0
0.0
0.0532630946252
-0.0534429945605
0.0533189053526
-0.0533811960211
-0.0533767483627
0.10700348645
-0.0533589326529
0.0
-0.0533144680753
0.0535529345298
0.053208665093
0.0535292446289
-0.0532358691887
0.0
0.0
-0.053303038142
-0.106640350275
0.107127636173
0.0
-0.0535497324075
0.106419865746
0.0533792902553
-0.10675857726
0.0
0.0
-0.0534927986339
0.0533652982201
0.0
-0.106773847781
0.160336638078
-0.0533170007886
0.106939597463
-0.0532833791566
0.0
0.0
-0.107102019898
0.0
0.160147416077
-0.106419862506
-0.0535452500795
0.0532156272865
0.0
0.0532992314166
-0.106924279494
0.106414807708
-0.0533341467649
0.0534493736808
-0.0534117588682
-0.0532751412655
0.0
0.16025440136
-0.10708280758
0.0534009305249
0.0
-0.0533729246017
-0.0533901130742
0.10694981731
-0.0532897169814
0.0
0.0
0.0532257414505
0.0
-0.0532364988555
0.0
0.0
0.0533888334533
-0.0533786506959
0.0
0.0532859121584
0.0
-0.106528729994
0.0535356476172
0.0533284302143
-0.0533862873998
0.0532573932949
-0.0535145278005
0.0
0.0
-0.0531669754538
0.0534806599105
0.0
0.0
0.0532447280408
-0.0535337210175
-0.0532624675712
0.0534959939507
0.0
0.0534959874348
-0.0532687971763
0.0534921531009
0.0532592968462
-0.107008597347
0.0
-0.0534947157782
0.0532656354294
0.0
-0.0533633903406
0.0
0.0
0.0533812025231
0.0
0.0534870415107
0.0
0.0
-0.0532656289416
0.107089209834
-0.106435039506
0.0
0.0
-0.0535574181445
0.106535066162
0.0
0.0
0.0
-0.0533811960211
0.0534174932986
0.0
0.0
0.0534761858811
0.0
-0.106412275629
0.107104578365
-0.10642871523
0.0
-0.0532643682409
0.0534966330599
0.0532681634992
-0.106990703198
0.106532531605
0.053493434409
0.0
-0.107000926297
0.0
0.0534934311511
-0.0532687971763
0.0
0.0
0.0
0.0
-0.0534972721844
0.0532694373568
0.0
0.0
-0.0534729961864
0.0532840164407
-0.0534742733212
0.0533595749907
0.106857934962
-0.159796896557
0.106865588777
-0.106642896461
0.0534627813036
0.0533652917201
0.0
-0.0534047517917
0.0
0.0533087492498
-0.0534544780737
0.0532649953399
-0.0534883193166
0.0
0.0534985439628
0.0
0.0534966298019
-0.0533652949701
-0.0533347820128
0.0534225916038
-0.0534028410899
-0.0532681699874
-0.053524116169
0.159688613056
-0.053480014669
0.0532871803724
-0.0534959874348
-0.0533633903406
0.10679167921
-0.0533640197854
0.0
0.0533716523031
-0.0535535684773
0.0
0.0535650995638
-0.0532352330527
0.0535017399664
0.0
-0.0533284302143
0.106714053706
-0.15985013747
0.106764944052
0.0
0.0533551211894
-0.0535490887678
0.0
0.0
-0.0532130912446
0.0535490855066
-0.0533316059244
0.0
-0.0532643682409
0.0535388480553
-0.0532339737942
0.0534353481342
0.053329065326
0.0
0.0
0.0
-0.0532497934195
-0.0533818388924
0.106794226114
0.0
-0.0532846440048
-0.0533818388924
0.106763671283
-0.0533805596671
-0.0536305428307
0.0531278658557
0.0533881969172
-0.0534883193166
0.0
0.0
0.0533767418613
-0.0533818323903
-0.0533805661689
0.0533748396644
0.0533856509243
0.0
0.0
-0.0534870415107
-0.0532745074375
0.0
0.160145506924
0.0
-0.0533831084254
-0.10675476275
0.106764944052
0.0
0.0
-0.106771308351
0.106761125836
-0.0535017399664
0.0532649953399
-0.106750945263
0.106753490224
-0.0533837415891
-0.0533786571976
0.0
0.0532187895752
0.0535439630304
0.0
0.0
0.0
-0.0535535684773
0.0
0.0534028410899
0.0
-0.107087932583
0.0
-0.0535439565086
0.106429976784
0.0535484451435
0.0
-0.0535516471122
0.0
-0.0533729311026
0.0533856574268
0.0
0.0533614760979
-0.0535119697446
0.0532649953399
-0.107004764943
0.0
0.106524928655
-0.0533811960211
0.0
-0.0533805661689
0.160660715216
-0.159641180559
0.106753490224
0.0
-0.0534493736808
0.106618771032
-0.106759849907
0.0
-0.0534979113241
0.106542670559
-0.0535215637152
0.0
0.0
0.0
0.0
0.0534768212603
0.0
-0.106443897997
0.0
0.0
0.0534698036163
0.053195391055
-0.0535292413689
0.0
0.0534895971837
-0.106878342147
0.0532055104875
0.106757304643
-0.0535017432248
-0.0532668961902
0.0
0.0532776702388
0.0
-0.106528729994
0.106986868818
-0.106536333487
0.0533761121148
0.0
0.0
0.106529993924
-0.0535215669747
0.0
0.0534927953762
-0.106537597597
0.0
0.0
0.053495348341
0.0
0.0
-0.0532700645757
-0.0534902426553
0.0532700710641
-0.0535522940747
0.0532099361137
0.0
-0.0533710226773
0.0533856574268
0.0533818323903
0.0
-0.0534429945605
0.0534111217852
0.0
0.0
-0.0532466274449
-0.0534934376668
0.159821611141
-0.106979197625
0.0532675298372
-0.0534302408867
0.0533246198613
-0.0535324410414
0.0532276395002
-0.0535554899803
0.0532130912446
0.0
0.0533837448402
-0.107002204729
0.0
0.053499183133
-0.0532643617532
0.0534947092624
-0.0532656289416
0.0
0.106791675958
-0.0533792902553
-0.0533811960211
0.0
-0.0532612005334
0.0
0.106535066162
-0.0535516471122
0.0
-0.0534972721844
0.0533722949457
0.0533894700047
-0.106711513874
0.0534047582965
0.0
0.0
0.0
0.0
0.0
-0.0535004680356
0.0532643682409
-0.0534921596164
0.0
0.106578172104
-0.0533722884448
-0.053386930393
0.0534155881911
0.0
0.0532840099506
-0.106999651153
0.0533233563595
0.0533163659642
0.0535452468185
-0.0533405031738
-0.0532428287722
0.0534468218499
-0.0532821078787
0.0535094119334
0.0
0.0
-0.0532168856749
0.107087929322
-0.106422391705
0.053552928007
0.0
-0.0535490855066
0.0
0.053549725885
-0.0532156208047
0.0534761826243
-0.106574367235
0.0533678422717
-0.0533824752768
0.0534972721844
0.0
0.0
0.0532687971763
0.0
-0.10676748968
0.0535529345298
-0.0532162597141
0.107080250154
0.0
0.0
-0.10679167921
0.21280432943
-0.10674458339
-0.0534500116766
0.0
0.0
0.0
0.0535535684773
0.0
0.0
-0.0533869238904
0.0
0.106411011254
-0.0535567743205
-0.0532092973553
-0.0535522940747
0.0532042461581
0.0535567710589
0.0532074038539
-0.106753486973
0.0533741969609
0.0
-0.106416072172
0.0533856574268
0.0
0.0533735607737
0.0
-0.0535535684773
-0.0532093038363
0.106753490224
-0.0533792870045
0.0
0.0
0.0535177257142
-0.106481865763
0.106960035852
0.0
0.0
-0.0533805596671
-0.0533862939023
0.0533780209041
0.0
0.0533799233282
-0.0533805596671
0.0533786506959
0.0
0.0
-0.106759853158
0.0533792935062
0.0533748331633
-0.10676876254
0.0533831116765
0.0
-0.0535510132105
0.053213097726
0.053369743969
-0.0533856509243
0.0533831051743
-0.10675476275
0.107008600606
-0.0532592936027
0.10699069994
-0.0532637314255
-0.053499183133
-0.0532662690463
0.0534921596164
0.0532713320354
0.0
0.0
-0.0534985439628
-0.0532669026782
0.0
0.0532688036645
0.0
-0.0532719722765
0.0534883258316
0.0
0.0534927921184
0.0
-0.0534966265439
0.0
0.0534972656683
-0.106537600841
0.106983034713
0.0532732365825
-0.0534857670231
0.0
0.0
0.0532719690322
-0.160478386129
0.0532700710641
0.106985587495
-0.0532649985838
0.0
-0.0532681634992
0.0
0.106724227244
-0.0533990233485
0.0
-0.0534947092624
0.106535062918
-0.0535510099492
0.0
-0.107039295811
0.159709506293
-0.0534985472209
0.0
0.0
-0.0533748331633
0.0534972656683
-0.106536333487
0.0534940767149
0.0
0.0534985439628
-0.0532656289416
0.0
0.0
-0.0534934376668
0.159817808399
0.0
-0.106538864981
0.0533792870045
-0.0533748331633
-0.0534998288348
0.0532662690463
0.106994534595
-0.106522391336
0.0533818323903
0.0
-0.0535011007352
0.0
-0.0534972721844
0.159808302338
-0.0534404465932
-0.0533106532243
0.053499183133
0.0532738703802
0.0
-0.0533875636476
0.0
-0.0532118265547
0.0534921531009
-0.0532668961902
0.0
0.0
-0.0534678882571
0.0534653346584
0.0
0.0533640197854
-0.0533894700047
0.0
0.0533773781244
-0.106763671283
0.106761125836
-0.106761125836
0.05337992983
0.106752214478
-0.160697230762
0.106580708834
-0.106931939558
0.0533208165474
0.0
0.0531890724121
0.0
0.0
0.0
-0.106429983266
-0.160480299969
-1.22506581954
-4.00325586715
-4.43079759292
-5.50265926685
-6.02740381607
-6.40528573901
-7.68652746866
-7.81125425667
-8.4689329301
-8.91455408208
-9.87540354491
-10.3250961036
-7.88359309233
-9.52240162297
-8.62831459021
-6.25402397587
-5.38425284436
-5.8312705098
-5.75268426653
-5.1891676206
-2.87617771223
-2.83522186491
-1.54477096051
-3.79845033681
-8.52178710308
-7.63306193047
-0.960728277078
-1.60162357353
-1.60127415835
-4.06627243678
-3.78673272896
-3.57961067239
-2.02418080512
-1.9258313153
-1.70444117025
-1.17664759734
-2.55730054819
-3.52030080293
-3.20463592685
1.1212327403
2.1916056744
1.12199529254
2.34363780798
4.75036119822
2.4552400241
-3.53398160076
-5.90728890986
-1.22781692635
-3.20248351463
0.214001301065
2.66327606215
4.69727707425
-1.86852959825
-7.20577300306
-4.75047444631
2.02863443807
3.84326040549
1.06996871587
-2.45044982478
-2.88226685594
-2.24490128468
-0.266581290815
2.18823598272
0.321000953992
-1.01206757216
0.0
0.639480628073
2.40189126571
2.93590316258
3.04927045626
1.65669260301
-1.91977654017
-1.38492268378
-2.94211096164
-1.97082960085
3.31635365721
4.10209808027
0.534888500924
-2.40136072904
-5.44682427269
-2.2904526313
0.267473005503
2.45027492799
2.2469127969
0.74805037407
-3.30691267138
-3.9945472505
0.106984315272
2.45024578095
1.49796876078
-1.59794662928
-0.26746661496
0.639199173225
2.62120147107
2.76977947221
2.78209019152
0.907289138267
-1.28128091924
-3.24919945325
-3.95856386617
2.76991126606
7.70323323393
2.39729065309
-2.67588087529
-6.22918148529
-4.86837367149
-1.38484031753
5.99118594111
4.26145775142
-1.1231611899
-4.10809635329
-3.04490526145
-2.39716134732
1.55118732697
0.74575899501
-0.642356943558
-0.266185742099
0.640524933204
1.3878944083
1.01638381203
1.86802631857
1.54839960477
0.159812140055
-2.46057794872
-2.07739066933
-3.53461558978
3.77790001996
7.11471830176
2.56106567487
-3.15064586643
-5.32403217859
-3.26875748452
0.0
2.13475999921
1.97534106772
1.65998126383
-1.17071877454
-3.479365414
-2.44858554523
-0.696172987097
0.691829248913
1.28504783385
-0.213250281628
0.801800169813
1.7027872773
1.66003432371
2.12859523184
-0.535502580045
-2.02217343496
-3.58375829333
-1.70458310057
-0.266883169691
5.2313546223
4.59956263727
-0.159852073123
-2.56914735377
-5.37721109075
-0.267450639937
4.58100096111
1.70793545952
-0.16014557431
-3.52329379747
-0.481247519368
2.51269066964
0.957909970342
-1.54784078411
-2.88243864645
0.320830449456
1.01245296572
3.41611522393
0.266930897286
2.40722829174
0.0
-0.641205179962
-1.11959075929
-4.90977777353
-3.47090121804
3.73682312313
5.12515031176
2.34862522194
-1.39039720947
-5.23822360479
-3.03874258636
0.160350119592
7.18470524425
4.33691268918
-0.106438866146
-3.96254022899
-4.78951002674
-2.78405275978
2.23513655237
2.73073926454
0.427023016014
-0.213351282819
-1.81096043922
0.64197322237
3.99464227619
4.48359445785
-1.28118731319
-6.79414434064
-3.40932842844
-3.57572832386
1.33460675201
6.20576042431
4.47458054594
-1.5522442088
-6.12205270236
-4.33301359396
-2.02421817267
4.70747666589
4.9003882649
2.08641139993
-0.639922326712
-2.29762745835
-1.27836793301
-0.962908985422
-0.266343447356
-1.87225728243
1.01201941859
3.05273512189
1.96855819655
1.23047338597
1.70754875869
1.17476738582
0.958878603653
-4.0695922997
-3.13939011936
-6.1022589127
1.22444496589
5.40276374878
2.71658984255
-1.12340271263
-4.64905041687
-6.23919612725
0.0
7.81106760336
2.55669216685
-0.962922329875
-2.18375914633
0.0
2.39714805907
0.21399674933
-1.38488973611
-0.802441947122
0.426051054329
0.642485505002
0.85174441066
3.31845457212
3.72650308157
-0.481437238133
-1.6513320312
-4.27973481503
-2.18774054684
0.907851791487
5.27329723278
0.160239179773
-0.693370218118
-4.60594411853
-3.93767782239
-2.19341233125
1.49146030842
3.47723215258
0.852230722282
-1.17687321764
-0.159798833465
0.641434802339
0.533054684817
0.907527098723
0.533779064768
0.695515874858
-1.01207836304
0.855885612131
0.745741252362
1.92163020275
0.747292434818
-0.213794969217
-1.81279328601
-1.28386775756
-3.14278853605
0.748966483938
7.72277895081
1.12091197567
-3.94955201027
-5.92650449699
-4.750814223
-0.428933293435
4.88962815157
2.66924532621
1.17426327794
-2.78172459495
-4.6879872555
-1.60481886116
2.29027588129
2.46072492261
0.585972183201
0.0
1.75948639828
2.62275008966
2.55561491444
4.65365981535
-2.6101453642
-5.13597522716
-2.56208641795
-3.4194167635
2.76708045953
8.28039949455
2.56031630464
-4.44409481982
-4.20468575923
-4.17637874717
-2.44814901497
0.749638186693
2.92644916228
1.2278036099
-1.92144696566
-0.589189384336
0.851329458774
0.0
-0.319238826157
0.320262466602
0.480480540518
0.96077408494
1.17562255737
2.02650836675
3.41593903589
1.60156051265
0.801308574198
-4.4369325726
-3.56914817325
-4.63956936894
3.30809478115
4.76501491833
5.21953235196
0.0535273246053
-6.71234991885
-4.01641344553
-1.70267914948
5.08242546682
3.56892259808
-0.481350983791
-3.40985577382
-4.7071392688
0.852261135198
1.39074599631
0.693940546242
0.267201676433
-0.479723714014
0.0534493802545
1.38858964666
2.98888039721
2.40254993794
0.48038890478
-2.23399490327
-1.33466780368
-1.60129901814
-0.267760896369
5.17823110747
0.15961088043
-0.694039829531
-4.59018763476
-3.68242776042
0.4271127024
7.20749126115
8.70010151778
5.83684920489
7.99669031682
6.93591668761
8.31705514953
8.54108922923
8.51431142449
7.66295345423
7.2284337504
8.8872205235
7.44288684817
6.65211053435
7.60442147967
5.91628910007
4.86534435987
7.12995732464
5.77377586843
5.91529672199
5.29370284944
3.73045687247
2.89192878429
3.51787376131
3.31406092256
2.72234079598
3.15031773537
2.60716465854
1.76631492534
1.9699625708
1.60643423518
1.70269772276
1.70795415279
1.28523926979
2.23987322456
1.75480276344
1.71492447648
1.01202315228
0.534097396748
0.426434924836
1.81882044071
0.799165099007
0.909508008738
1.06542614758
1.81934207223
1.11772685039
0.909106124265
0.532840268249
0.26748342594
0.906065111511
0.481613593926
0.31957090047
0.481481254046
0.319578502875
0.320983528849
-0.0533312486498
0.534314912495
0.0
-0.106996996698
0.372917063462
0.428085578609
-0.425988267762
-0.106754665228
0.426983240791
0.107094446325
-0.159992879777
0.320359672755
0.532599231764
-0.106988049179
-0.213570637969
0.10680962067
0.212925562479
0.0534928507582
0.480556803352
0.533850209665
-0.213733740971
-0.5337546548
0.213545071568
0.693815025356
0.16016461026
-0.427085259415
0.106385739793
0.213499358658
-0.0533767483627
-0.107116117444
0.0
0.107121242372
0.319221658174
0.053549092029
0.106417330186
-0.0534998288348
0.159777890539
-0.160662636673
0.0
-0.107100732558
0.21285237146
-0.107108424449
0.106414807708
-0.053552287552
0.0532118265547
-0.0533684718221
-0.0533780209041
0.0
0.0532726060441
0.0
0.0532061361941
-0.053552928007
-0.0532093038363
0.0534889647576
-0.0532719722765
0.0534832149734
-0.0532808463959
0.106736950145
0.0
-0.0535503662788
0.0
0.0
0.0535618959861
-0.106761125836
0.160162690943
-0.0531966582035
0.0
-0.107107143478
0.159641180559
-0.160660715216
0.106417336667
0.0
0.0
-0.106761125836
0.0533786571976
0.0
0.0533144615815
-0.0533761056135
-0.05337992983
0.0
0.0534366234713
-0.10693320983
0.0532086586121
0.10708409123
0.0
-0.0534729896733
-0.0532814803747
0.0533805661689
0.0533792870045
-0.0535606146624
0.0
-0.053462143003
0.106404693073
-0.0533761056135
0.0
0.0
0.0
0.0
0.0
0.0
-0.0532669026782
0.0534889647576
0.0532092973553
0.0
0.0
-0.0535510066879
0.106635274503
-0.106545202355
-0.05337992983
-0.0535510001652
0.106595925258
0.0
0.0
-0.0535503728013
0.0
0.10709177421
-0.0533106532243
0.0
-0.0532023497766
0.0
0.160319426477
-0.106983031455
-0.0532688036645
-0.0533869173878
0.0533869173878
0.0533729311026
0.0
0.0532897169814
0.0
-0.053419405049
0.0533468545995
0.0
-0.0533538464902
0.106733130681
-0.0533373264042
-0.106977923
0.0534404498478
-0.0532086715739
0.160143597816
-0.10708664884
-0.0532232174109
0.053386930393
0.106738219026
0.0
-0.159656359002
0.107080250154
0.0532200513548
-0.107108421187
0.0533443125482
-0.0534174932986
0.0
0.0
0.0
0.0
-0.0533773846258
-0.0533799168264
0.106770028928
0.0
0.0
0.0535535684773
-0.0532111942323
0.0
0.0532668961902
0.0
-0.0533875603962
0.0
0.0
0.0534461839303
-0.0532466274449
0.0
0.0
0.0
-0.106568019901
0.107045686342
0.0532745009486
-0.107008600606
0.0
0.0533856574268
0.0532687971763
0.0
-0.0532649953399
0.10699069994
-0.106540132396
0.0
-0.106537594353
0.106989418525
0.0
0.0534883193166
0.0
0.0
-0.0532649953399
-0.0534934376668
0.106531264371
-0.0534947092624
-0.0532707047865
0.0
0.0532688036645
0.0534921531009
0.0
-0.0533684718221
0.0532637281817
0.0
-0.106537600841
0.0534908816271
-0.0532751412655
0.0534889647576
0.0532276395002
-0.0535254022667
0.0
0.0
0.0532048718348
-0.0534934311511
0.0532681634992
0.0
-0.0532675298372
